d2 =

 Columns 1 through 6:

  5.6738e-06  8.9448e-06  0.00011187   5.844e-05  7.9454e-05  0.00011227
  8.7694e-05  0.00013825   0.0017291  0.00090324    0.001228   0.0017352
  0.00012726  0.00020063   0.0025093   0.0013108   0.0017821   0.0025181
  9.2682e-07  1.4611e-06  1.8274e-05  9.5462e-06  1.2979e-05  1.8339e-05
  0.00047152  0.00074335   0.0092971   0.0048566    0.006603   0.0093298
  0.00020108    0.000317   0.0039648   0.0020711   0.0028158   0.0039787
  0.00027775  0.00043788   0.0054766   0.0028609   0.0038896   0.0054958
  2.0219e-05  3.1875e-05  0.00039866  0.00020825  0.00028313  0.00040006
  0.00032638  0.00051454   0.0064354   0.0033617   0.0045705    0.006458
  -0.00021484  -0.0003387  -0.0042361  -0.0022129  -0.0030086   -0.004251

 Columns 7 through 12:

  1.2097e-06  1.8393e-07  0.00011227  2.2984e-06  8.0877e-06  2.4404e-06
  1.8698e-05  2.8428e-06   0.0017352  3.5524e-05    0.000125  3.7718e-05
  2.7134e-05  4.1254e-06   0.0025181  5.1552e-05   0.0001814  5.4737e-05
  1.9761e-07  3.0044e-08  1.8339e-05  3.7544e-07  1.3211e-06  3.9864e-07
  0.00010053  1.5285e-05   0.0093299  0.00019101  0.00067212  0.00020281
  4.2873e-05  6.5183e-06   0.0039787  8.1455e-05  0.00028662  8.6487e-05
  5.9221e-05  9.0039e-06   0.0054959  0.00011251  0.00039592  0.00011947
  4.3109e-06  6.5542e-07  0.00040006  8.1903e-06   2.882e-05  8.6963e-06
  6.9589e-05   1.058e-05    0.006458  0.00013221  0.00046523  0.00014038
  -4.5807e-05  -6.9645e-06  -0.0042511  -8.703e-05  -0.00030624  -9.2406e-05

 Columns 13 through 18:

  5.2043e-06  5.6655e-06  4.7519e-07  9.9931e-05  0.00011176  1.0921e-05
  8.0436e-05  8.7565e-05  7.3444e-06   0.0015445   0.0017274   0.0001688
  0.00011673  0.00012708  1.0658e-05   0.0022414   0.0025068  0.00024496
  8.5012e-07  9.2546e-07  7.7621e-08  1.6324e-05  1.8256e-05   1.784e-06
   0.0004325  0.00047083   3.949e-05   0.0083047   0.0092878  0.00090761
  0.00018444  0.00020078   1.684e-05   0.0035416   0.0039608  0.00038705
  0.00025477  0.00027735  2.3262e-05    0.004892   0.0054711  0.00053464
  1.8545e-05  2.0189e-05  1.6933e-06   0.0003561  0.00039826  3.8918e-05
  0.00029937   0.0003259  2.7334e-05   0.0057484   0.0064289  0.00062824
  -0.00019706  -0.00021453  -1.7993e-05   -0.003784  -0.0042319  -0.00041354

 Columns 19 through 24:

  9.5521e-05  8.9872e-05  2.6841e-06  0.00011084  0.00010957  0.00010629
   0.0014764    0.001389  4.1485e-05   0.0017132   0.0016934   0.0016428
   0.0021425   0.0020158  6.0204e-05   0.0024862   0.0024575    0.002384
  1.5603e-05  1.4681e-05  4.3845e-07  1.8106e-05  1.7897e-05  1.7362e-05
   0.0079382   0.0074687  0.00022306   0.0092114   0.0091053   0.0088329
   0.0033852    0.003185  9.5124e-05   0.0039282    0.003883   0.0037668
   0.0046761   0.0043995   0.0001314   0.0054261   0.0053636   0.0052031
  0.00034039  0.00032026  9.5648e-06  0.00039498  0.00039043  0.00037875
   0.0054947   0.0051698   0.0001544    0.006376   0.0063026   0.0061141
   -0.003617   -0.003403  -0.00010163  -0.0041971  -0.0041487  -0.0040246

 Column 25:

  1.2079e-05
  0.00018669
  0.00027093
  1.9731e-06
   0.0010038
  0.00042807
   0.0005913
  4.3043e-05
  0.00069482
  -0.00045737

